49
49
45
52
53
50
45
48
49
48
50
48
47
51
46
50
49
47
49
49
49
52
49
47
49
49
47
51
46
48
50
46
51
52
47
50
49
47
50
47
45
48
49
46
49
48
45
46
47
49
45
47
48
47
45
49
48
49
47
45
51
40
46
47
47
46
49
49
51
47
52
49
46
49
47
47
49
47
42
47
49
46
49
47
47
47
45
47
50
45
50
48
48
47
48
47
48
45
49
47
46
54
47
47
48
48
46
49
45
45
49
46
47
49
48
50
50
47
48
50
48
49
46
47
50
46
52
51
42
46
50
211
47
52
48
47
46
46
48
49
46
49
173
44
47
66
49
44
50
48
47
48
46
47
49
47
48
45
47
47
48
48
47
61
45
47
47
45
48
47
47
50
48
47
50
47
45
44
48
47
49
93
48
45
49
49
47
46
141
45
47
50
48
46
50
48
48
47
114
48
49
47
46
49
69
49
48
52
45
51
49
46
49
48
49
49
140
45
49
52
46
51
50
46
46
52
47
49
48
48
47
48
47
48
49
46
45
51
45
47
50
47
46
48
47
47
52
48
46
49
47
45
46
46
47
48
48
48
45
47
46
48
46
48
48
48
46
49
47
48
49
49
46
50
48
46
47
49
48
45
52
51
46
49
49
50
45
50
48
50
46
49
47
48
49
100
47
48
51
46
41
48
50
50
42
46
50
49
47
47
52
50
46
44
167
47
48
78
49
51
45
49
44
47
52
48
47
48
47
47
47
49
49
47
47
47
44
43
50
48
48
47
49
47
47
45
47
44
51
69
49
47
48
49
48
46
48
51
48
49
46
47
48
97
48
47
51
50
49
47
51
50
47
47
51
48
45
47
52
49
47
46
49
46
48
49
48
44
51
49
48
46
49
49
45
49
206
50
46
48
49
49
47
49
49
49
46
46
50
46
46
48
51
50
46
51
51
49
48
48
50
49
47
49
208
47
48
50
48
46
45
51
48
45
48
49
49
47
49
63
50
47
48
56
45
45
47
47
48
45
47
49
49
46
48
49
47
49
50
49
47
49
50
49
48
46
97
47
46
48
45
49
47
50
49
47
49
46
50
48
46
48
55
49
47
45
49
47
48
45
51
49
48
48
48
49
47
48
211
46
48
42
47
47
52
46
47
44
51
47
44
180
46
48
50
50
46
48
50
48
46
47
48
49
47
48
58
49
55
48
48
46
47
47
45
47
49
42
45
49
52
47
50
49
47
45
48
55
47
60
49
49
47
48
49
52
48
48
49
49
49
51
47
49
49
47
51
49
44
51
50
48
49
49
47
47
46
48
45
48
46
49
48
48
48
50
48
48
49
48
47
116
46
47
50
50
45
46
107
46
47
61
50
45
49
49
50
46
49
48
47
47
49
49
46
49
50
48
46
47
50
46
47
49
48
44
48
47
45
50
48
51
45
46
49
45
46
49
47
44
48
47
46
49
45
48
51
48
46
50
48
48
51
46
46
49
46
45
48
54
48
48
51
48
45
48
49
49
50
50
47
48
51
47
46
51
46
46
47
48
49
45
46
48
43
48
48
49
46
50
47
45
50
47
47
48
46
48
51
47
48
50
47
46
48
48
45
48
48
46
49
47
48
53
48
46
49
49
47
51
48
48
50
49
48
49
49
45
49
50
47
48
50
47
49
47
48
49
50
48
47
49
45
50
47
46
47
48
50
46
47
49
47
46
45
44
50
45
46
51
50
47
49
47
49
47
46
49
47
51
49
45
47
48
47
48
49
47
49
48
47
50
49
48
50
49
48
48
47
48
49
47
46
48
45
49
49
47
49
49
46
50
47
48
49
46
49
48
46
47
44
50
45
52
82
47
48
50
50
50
45
47
48
51
48
47
47
46
46
50
46
47
50
47
49
47
46
48
46
50
48
48
49
47
50
47
47
49
46
51
48
50
47
51
47
46
47
46
48
45
50
47
51
46
49
49
49
49
44
52
49
48
52
47
52
50
51
49
47
49
47
49
47
49
47
47
50
47
49
50
45
51
45
49
46
50
47
47
48
46
48
45
54
50
46
48
48
46
48
48
46
49
45
49
36
47
51
46
48
49
47
50
48
47
50
46
48
49
46
50
50
47
51
48
49
49
45
48
48
48
48
47
51
47
46
47
47
50
48
52
49
44
50
47
46
47
49
48
45
52
45
53
44
50
46
50
48
48
50
48
49
46
49
49
47
48
46
48
47
48
44
50
46
50
47
50
47
50
45
52
49
48
50
48
49
48
48
46
50
49
51
42
49
48
49
49
47
49
47
52
47
48
50
48
51
44
48
47
49
47
51
48
47
52
45
51
47
48
61
47
49
46
50
47
51
45
50
50
46
48
47
49
47
52
48
49
47
49
49
47
47
47
45
50
47
45
52
49
51
45
47
48
49
47
45
49
45
47
49
47
50
47
48
47
48
45
49
47
49
48
51
49
50
45
50
47
51
46
52
49
46
50
47
50
48
49
46
48
46
51
47
50
44
48
47
49
44
50
45
50
46
48
48
48
56
46
48
46
48
49
48
46
48
47
50
46
49
48
48
47
50
46
47
46
49
47
49
46
51
47
52
47
48
47
50
45
49
46
49
45
54
46
46
47
50
46
45
47
47
51
47
48
46
52
45
48
46
47
46
49
47
51
46
50
46
49
46
50
47
51
47
49
45
51
48
50
46
49
45
50
49
49
47
48
45
50
46
49
46
50
47
50
48
50
46
49
46
48
46
48
46
49
44
49
45
51
47
52
46
50
47
50
47
49
47
49
43
50
47
52
51
48
43
50
47
49
46
49
46
50
48
47
47
48
46
50
46
48
48
50
47
53
48
49
47
50
47
48
46
49
47
52
47
50
46
49
47
48
47
51
47
49
47
51
47
52
48
52
47
50
46
50
47
50
44
48
44
47
50
48
50
46
50
46
50
45
48
47
50
47
51
45
50
47
51
44
50
46
51
45
49
46
49
41
49
47
47
48
46
50
46
50
46
49
46
49
47
48
49
45
48
48
46
46
47
47
50
45
49
47
47
45
48
48
44
46
49
47
51
47
47
51
46
49
48
50
51
45
47
51
47
49
50
47
46
49
47
47
50
48
46
47
46
49
49
46
50
49
46
51
46
48
48
46
49
46
47
50
46
51
47
51
48
45
52
46
47
49
47
51
49
47
46
47
50
47
48
51
49
48
48
49
49
46
48
46
48
45
48
152
45
50
43
47
50
44
49
49
47
52
45
48
48
45
49
48
47
47
52
47
49
46
49
47
46
55
47
45
47
46
48
46
47
48
46
50
47
51
50
47
49
47
46
47
46
50
45
47
145
47
49
49
46
49
50
46
101
45
47
47
46
51
48
47
49
45
48
48
48
48
45
49
48
44
48
48
46
47
50
50
46
49
51
47
50
48
46
48
45
48
47
45
49
47
214
47
51
47
48
46
47
47
51
47
50
47
49
47
48
46
49
47
48
47
47
48
46
50
46
51
43
49
49
46
49
43
50
47
49
49
49
49
45
50
46
47
47
47
51
48
50
47
47
49
48
48
45
48
46
50
47
48
49
45
49
46
49
44
50
50
50
47
49
48
51
48
49
45
45
46
48
47
48
48
47
49
46
48
48
47
46
48
45
45
51
45
49
48
52
46
51
47
48
51
48
52
47
50
47
46
50
45
49
48
46
49
50
49
46
51
46
51
45
51
49
48
49
48
50
48
50
50
47
51
46
50
45
48
48
47
50
47
50
49
49
50
47
52
47
51
49
45
158
45
51
44
50
43
50
45
51
48
46
48
49
49
48
46
47
49
45
48
50
47
69
47
53
46
46
48
46
52
46
50
48
47
49
46
49
47
52
48
48
48
48
46
51
48
51
46
50
47
48
44
45
46
48
49
51
49
46
48
40
50
46
51
45
50
47
50
45
49
48
48
45
53
47
47
46
49
47
53
44
53
46
50
47
50
45
52
45
50
46
49
46
48
46
49
46
51
46
48
46
51
47
48
44
50
47
49
44
49
46
50
46
49
50
51
45
50
48
49
45
202
49
49
46
51
47
50
47
47
47
49
47
48
46
48
46
48
47
51
46
49
48
50
46
49
46
50
46
50
47
50
46
190
45
48
45
49
47
51
46
49
46
50
47
50
47
52
45
50
49
49
46
49
44
221
47
48
48
50
47
51
46
51
46
48
48
50
47
50
48
48
45
50
47
49
47
50
47
50
47
49
46
46
48
48
50
47
51
46
48
45
50
41
207
47
51
47
49
46
52
46
50
47
49
47
51
48
48
48
50
47
48
46
50
47
51
48
50
46
48
46
49
46
51
44
50
47
48
48
47
48
51
46
48
46
49
47
49
46
49
46
47
47
50
47
50
45
197
47
50
47
49
47
51
45
51
45
51
48
50
46
45
45
48
49
47
49
44
49
47
51
46
45
48
48
50
48
48
45
47
49
47
51
48
51
46
47
46
50
47
49
48
50
48
49
47
51
48
48
46
48
47
50
48
52
44
51
48
49
45
49
47
52
45
52
46
51
48
51
44
50
47
49
45
48
47
49
47
49
46
51
44
47
44
49
46
47
48
44
48
45
51
48
49
45
51
45
50
48
48
47
52
47
49
46
49
48
50
53
50
46
49
48
50
48
49
48
50
46
50
46
49
44
50
44
51
48
50
47
50
47
50
47
52
48
49
46
50
45
50
47
49
45
49
47
49
47
52
47
49
48
51
50
145
48
48
48
51
46
49
47
51
44
49
46
49
48
48
47
50
47
49
49
49
46
50
50
50
47
49
46
51
45
52
45
49
47
49
47
52
46
49
46
51
47
47
46
51
47
49
47
48
46
51
48
49
47
48
46
51
48
49
46
50
46
50
48
50
46
50
46
51
47
51
45
48
48
48
47
50
48
50
46
48
46
50
48
48
46
49
48
51
46
49
45
50
46
47
47
50
46
47
45
48
46
49
48
50
47
49
46
50
48
49
47
50
48
137
169
48
46
50
44
49
46
50
48
49
46
48
47
49
47
47
47
49
47
49
48
49
46
49
47
51
45
50
47
49
45
49
48
49
47
51
45
51
47
49
46
49
44
50
47
52
45
50
48
49
48
51
47
48
46
48
46
52
47
53
48
51
46
49
44
49
45
50
48
50
37
47
43
46
49
49
50
45
50
50
50
46
44
65
48
49
46
49
46
49
51
22
128
167
294
315
217
141
84
63
45
52
55
45
52
52
52
46
47
48
47
50
50
44
51
51
71
47
47
63
91
161
302
309
210
138
123
131
291
305
244
163
101
81
257
323
321
221
150
85
162
309
312
246
163
101
90
322
372
323
229
152
90
203
286
280
242
157
98
194
257
308
257
172
108
72
167
288
301
240
160
98
54
67
45
56
47
45
42
49
50
47
47
49
53
50
50
51
50
51
46
50
46
45
52
51
48
46
157
106
121
241
321
255
169
106
62
62
40
47
52
48
42
46
46
43
47
49
45
62
146
226
296
244
166
101
56
23
75
47
42
51
59
46
53
46
46
48
49
45
49
44
39
40
48
46
44
49
46
47
47
45
49
43
88
314
387
341
236
157
94
53
63
46
49
50
48
51
50
40
48
51
40
48
118
238
315
256
175
109
63
32
61
46
46
43
54
47
44
43
52
47
46
46
51
43
44
54
47
37
65
48
47
46
49
49
47
74
169
297
314
215
142
84
53
53
52
48
44
49
46
47
44
198
46
46
47
59
58
46
44
43
47
53
63
216
389
338
262
177
112
110
275
370
310
212
136
83
192
304
314
273
182
115
145
259
364
306
211
139
79
166
301
316
268
180
114
151
228
282
232
299
93
55
49
33
50
47
44
38
60
231
352
318
255
171
106
71
75
45
47
48
49
38
48
53
53
53
63
121
79
61
51
45
54
54
60
28
56
51
43
30
31
47
78
159
473
425
302
208
135
81
90
53
76
77
99
72
81
60
130
94
69
54
59
112
220
287
247
162
101
98
66
131
93
73
65
62
63
50
45
45
38
47
67
71
75
76
87
72
75
52
53
48
41
66
37
144
103
328
381
347
242
161
101
69
48
45
44
41
48
54
58
53
50
36
40
53
76
148
260
346
279
189
119
89
52
32
72
32
51
53
39
45
50
26
45
62
107
143
89
77
210
75
78
42
64
72
58
47
46
63
111
138
171
214
204
196
180
116
108
61
62
38
54
84
171
155
125
101
81
91
59
68
198
337
327
249
168
106
105
91
64
64
44
48
63
48
30
65
71
46
65
128
103
86
82
54
41
43
49
66
47
43
61
36
85
88
154
227
295
242
166
97
79
57
85
77
49
84
74
73
95
53
49
62
31
51
120
250
380
320
222
144
94
58
42
66
55
36
59
78
57
65
56
36
48
54
87
81
54
69
74
82
52
72
39
34
36
34
36
56
78
172
469
424
303
210
137
79
68
55
43
63
96
74
88
61
70
79
71
58
63
115
239
311
266
179
116
107
70
144
107
72
66
56
43
41
29
47
50
56
80
81
125
85
69
68
79
54
111
52
38
41
65
51
78
162
313
313
274
187
121
79
143
100
49
38
62
73
99
70
55
48
58
37
57
239
355
333
268
184
119
62
34
71
42
49
45
50
39
39
50
43
45
44
49
47
46
47
46
46
45
46
48
47
186
45
45
45
47
34
80
298
361
342
239
159
98
60
37
50
49
51
53
40
49
46
52
48
46
43
55
54
58
45
55
51
48
68
84
165
305
317
220
144
111
136
255
300
242
167
169
155
274
391
304
211
137
79
179
263
304
267
184
154
187
302
368
303
211
134
78
241
362
323
225
151
131
169
333
435
368
263
176
108
190
343
340
285
194
122
91
73
61
52
67
33
40
78
42
40
50
70
103
78
50
49
71
55
32
44
56
32
42
49
47
51
67
108
239
355
248
325
104
69
63
57
88
86
65
84
98
82
96
61
69
47
62
159
346
312
212
141
146
103
111
97
70
49
38
50
66
47
33
59
73
117
82
88
98
72
92
59
48
51
54
75
53
49
40
73
130
219
298
251
171
107
78
66
97
80
47
56
71
78
107
61
67
59
59
118
128
274
342
267
181
113
77
46
94
56
34
64
30
81
78
75
88
69
68
66
100
103
74
66
54
79
57
44
37
57
71
71
39
69
160
205
203
126
160
128
106
90
95
79
57
66
69
80
112
82
63
50
47
70
115
229
297
250
163
103
76
52
57
42
60
57
40
42
50
44
36
43
72
90
59
63
53
79
105
86
80
51
32
77
45
35
38
81
174
278
298
204
132
74
101
122
149
130
75
68
74
72
46
35
27
34
109
96
174
308
309
215
139
106
140
61
77
60
61
54
58
72
48
34
49
96
138
88
61
55
77
69
49
50
53
29
34
44
54
63
71
107
271
395
275
191
118
68
62
71
84
54
44
65
93
105
70
99
79
68
63
139
240
313
265
179
114
99
71
99
88
74
53
64
68
35
43
38
71
63
67
99
66
92
94
65
55
81
88
73
57
41
76
47
131
176
299
305
212
135
81
70
77
55
61
235
45
141
100
80
71
69
48
65
86
172
324
331
228
150
87
60
85
44
50
48
50
48
48
45
50
51
49
47
47
45
48
43
52
42
48
50
51
46
48
45
50
48
47
30
140
179
312
332
230
150
95
63
78
41
55
46
50
46
46
47
51
49
48
47
56
47
44
41
48
51
47
34
110
159
324
375
329
231
149
159
262
313
273
175
112
154
236
284
191
125
144
95
123
255
299
239
161
96
155
240
281
193
123
127
72
96
243
289
235
156
93
64
165
295
298
204
130
82
151
323
269
206
132
76
46
87
46
49
28
55
79
52
106
71
65
66
62
59
65
68
72
63
56
71
39
74
40
44
32
72
100
135
290
272
186
120
118
86
92
61
84
55
141
100
80
72
61
75
43
63
216
344
315
262
172
120
180
129
157
123
93
70
61
40
44
44
55
47
63
116
116
110
109
73
60
71
63
46
47
46
52
67
79
236
256
265
182
113
61
43
43
53
42
87
115
129
132
99
136
71
60
105
132
267
295
202
131
77
37
49
53
53
50
51
68
50
51
41
79
50
56
47
47
49
47
43
39
59
45
39
57
47
94
54
64
124
209
311
251
170
105
55
30
58
54
46
49
54
36
43
49
46
47
53
53
166
219
269
211
137
98
177
136
107
104
64
54
65
47
60
48
48
49
45
47
51
44
49
51
49
48
85
96
189
287
316
221
142
105
157
295
328
258
177
111
74
62
59
37
53
44
48
45
50
48
44
49
66
67
158
296
315
217
142
100
89
112
84
81
57
63
98
61
60
59
48
48
43
42
54
50
47
50
47
53
42
80
59
66
46
70
63
193
243
312
257
176
109
74
163
289
303
224
154
91
66
76
77
48
47
35
50
130
209
293
250
168
107
105
105
77
85
81
42
47
76
89
75
84
40
40
28
47
45
47
55
46
50
70
69
46
55
32
74
51
86
137
225
319
243
164
102
74
173
324
323
224
148
88
61
38
46
42
51
139
74
159
200
243
200
129
114
185
156
90
65
67
53
104
120
263
293
230
154
102
169
260
214
155
95
89
61
32
79
49
41
46
85
148
178
235
189
120
72
37
33
66
77
71
32
67
161
264
270
185
116
95
64
51
66
61
31
38
83
162
269
264
230
153
116
117
194
244
235
157
91
156
173
148
144
96
77
62
41
66
57
141
52
98
89
180
207
253
166
104
116
66
64
61
49
57
34
151
223
292
223
159
96
50
47
37
61
41
47
45
164
166
135
143
105
77
71
103
201
274
183
118
97
86
94
139
104
79
51
51
105
326
278
191
122
111
181
147
97
150
107
68
126
134
255
266
185
119
61
72
82
105
102
118
66
78
264
264
255
174
110
104
57
76
82
68
36
77
155
225
293
252
171
113
97
51
64
78
37
58
100
142
233
301
256
176
106
125
161
275
245
163
102
107
119
249
338
268
182
137
140
164
233
185
143
97
80
52
48
66
52
38
123
240
270
237
233
204
142
86
189
274
300
244
160
118
97
141
142
139
126
71
77
170
327
349
246
160
117
147
195
203
227
224
178
130
147
218
236
157
96
89
80
87
151
190
196
126
107
221
322
275
186
118
99
73
69
60
79
169
85
154
177
251
222
144
87
82
133
203
225
145
85
50
68
63
47
50
53
45
58
189
251
330
314
217
140
157
218
287
263
176
111
147
149
154
240
157
99
49
57
53
50
61
45
49
90
74
71
66
59
79
53
153
190
262
218
141
81
109
73
87
69
73
72
47
92
214
292
254
168
103
124
75
80
75
73
65
64
113
224
285
265
181
113
74
133
144
97
71
64
48
121
199
266
208
134
78
99
149
150
92
67
66
59
114
253
306
234
155
116
63
74
78
68
74
56
61
126
215
288
240
160
113
131
191
190
121
68
37
55
129
295
310
233
155
94
131
84
117
92
99
78
89
236
307
313
239
160
97
80
83
83
61
72
50
64
215
286
323
218
147
130
201
153
124
92
76
31
105
142
254
292
201
128
130
168
135
117
114
106
67
81
149
305
344
242
157
145
185
166
111
94
91
62
119
229
308
238
157
124
137
113
277
249
168
103
67
155
265
315
253
168
107
204
276
230
161
117
105
104
165
277
287
201
125
184
191
270
244
165
131
110
62
68
39
46
48
31
248
225
337
350
246
166
104
79
59
57
46
50
84
157
158
164
126
97
86
61
110
226
296
204
144
88
107
124
139
120
102
70
72
92
186
249
191
125
95
100
113
128
114
105
77
61
183
253
278
216
143
79
85
95
147
113
100
68
86
133
246
263
175
113
113
94
73
56
48
37
29
91
156
313
315
217
144
105
74
49
52
55
42
25
81
264
315
320
221
147
88
200
353
295
320
157
94
145
248
325
272
178
116
154
141
153
174
276
122
71
65
39
60
34
24
47
137
177
206
204
187
148
89
95
222
318
252
171
113
107
142
160
161
134
91
111
88
211
268
215
139
108
125
203
206
236
205
174
108
160
257
291
191
125
85
114
103
141
173
177
119
101
170
254
280
193
119
82
74
95
68
57
47
196
73
261
346
296
204
131
84
132
226
247
175
107
55
61
77
50
49
46
39
67
95
215
293
226
149
91
74
267
318
328
231
149
166
184
224
244
231
151
89
60
48
39
51
52
74
77
118
90
130
90
238
63
52
150
276
264
179
111
73
94
82
95
65
52
34
118
157
305
299
209
133
92
99
72
82
82
70
74
107
150
260
267
180
115
100
159
180
144
98
89
96
59
126
248
282
193
123
166
188
191
121
69
41
47
75
301
353
322
223
146
130
78
92
101
66
82
87
165
256
384
322
225
146
131
236
190
122
90
73
103
124
204
299
230
155
93
120
68
81
111
87
50
51
123
220
288
220
149
88
79
94
76
94
111
60
101
122
208
293
243
160
120
118
165
105
96
108
58
100
122
213
301
227
148
127
109
150
101
86
79
45
56
211
331
331
245
164
106
240
189
262
249
163
103
73
108
207
225
147
91
129
164
236
242
193
125
70
61
39
71
52
72
46
74
139
229
223
148
106
81
53
41
78
49
35
61
86
148
268
241
160
120
102
63
160
257
231
153
92
167
118
104
74
70
47
74
86
265
295
263
179
112
85
57
50
57
56
50
81
82
181
340
304
243
164
100
88
61
42
42
34
29
57
92
187
271
221
145
98
91
44
25
55
34
36
50
61
147
292
305
232
154
92
87
63
48
40
40
46
64
88
240
361
326
218
143
125
89
41
41
50
50
77
87
145
283
422
209
137
89
71
50
74
52
47
29
107
170
383
344
260
178
110
134
82
127
117
130
68
81
221
279
310
234
156
95
121
124
109
107
98
71
75
137
259
271
189
115
65
73
76
35
49
47
36
54
90
174
280
293
201
128
94
95
48
44
41
30
49
80
115
267
282
219
143
82
117
215
278
241
157
97
86
107
231
260
210
135
100
107
143
287
240
161
100
60
49
63
59
48
48
56
129
173
301
322
226
147
89
126
264
312
261
175
113
78
162
299
312
216
141
83
129
268
317
259
177
110
62
31
60
46
55
43
67
72
214
321
344
291
256
354
257
254
309
266
282
326
274
206
269
301
209
135
144
111
58
70
57
76
48
87
92
87
64
81
78
103
52
50
43
42
33
45
40
51
39
39
36
88
94
86
238
392
278
189
116
75
63
60
66
40
74
99
156
217
168
105
95
61
130
246
308
265
181
114
108
81
57
69
93
65
75
116
72
41
43
52
81
83
75
129
167
140
142
99
66
60
36
83
44
93
132
146
175
299
380
207
136
89
57
61
33
39
26
55
36
44
55
52
46
53
129
101
199
287
252
162
100
76
67
98
94
72
61
40
48
58
35
28
65
55
52
51
60
82
44
58
40
54
54
50
78
66
37
144
165
338
322
300
151
90
91
80
92
64
57
46
132
116
157
123
105
63
91
54
57
66
52
105
109
139
140
293
313
322
243
167
109
191
303
287
236
160
97
160
268
292
210
180
124
98
179
290
292
201
127
150
184
271
346
242
160
99
117
137
299
299
207
133
77
101
97
231
266
205
259
205
195
298
314
217
140
92
80
100
85
68
58
30
49
74
48
53
62
83
70
75
47
45
46
39
28
25
31
33
53
58
62
37
133
205
390
365
255
171
107
66
87
57
47
34
72
93
144
194
158
110
80
78
87
167
299
315
219
143
108
138
80
97
68
117
81
73
62
43
37
69
40
68
122
167
210
188
122
84
40
51
62
36
39
62
92
144
92
261
276
185
120
72
60
52
42
47
54
41
68
75
51
50
45
46
50
136
222
288
248
167
102
95
71
104
69
42
41
39
41
62
52
54
35
69
108
69
79
60
48
40
42
52
79
59
62
91
66
89
126
337
377
382
269
182
117
84
119
82
77
127
115
150
154
148
135
148
108
71
32
54
47
41
41
62
96
164
297
322
225
147
87
94
190
267
261
175
111
113
176
297
270
185
133
118
64
27
80
46
54
38
44
183
307
309
276
165
149
121
69
74
34
47
51
53
47
47
49
49
49
44
51
53
48
42
51
50
50
51
150
167
174
271
289
203
134
91
227
250
274
230
151
121
182
282
360
324
262
176
112
59
50
39
46
62
43
139
181
236
271
183
112
94
69
31
43
43
64
34
38
62
43
46
45
41
51
50
48
46
46
58
47
50
45
49
47
49
51
51
45
48
45
50
50
52
48
47
47
49
46
46
57
46
48
47
49
47
47
49
47
46
48
47
47
46
46
46
50
46
45
47
52
46
48
49
49
44
46
48
52
48
46
33
34
80
75
31
34
61
63
56
34
60
57
54
51
42
44
53
61
40
57
37
35
29
61
75
70
71
65
57
49
65
68
61
52
37
32
33
48
47
151
159
200
157
95
60
68
57
84
57
46
49
62
64
92
88
87
74
57
52
39
48
52
45
51
47
117
87
82
81
73
68
64
37
50
54
61
55
78
81
88
116
95
65
73
66
54
67
77
64
29
36
67
69
102
157
175
119
73
65
44
58
40
49
49
46
52
48
51
53
39
47
50
45
51
58
58
47
43
59
41
54
32
52
54
56
54
61
54
41
57
39
35
43
82
161
112
102
90
75
70
56
59
39
32
72
50
54
113
85
79
97
118
198
225
297
140
117
80
44
83
71
60
91
121
130
105
81
95
63
37
37
45
82
52
46
78
126
98
87
214
51
42
55
59
68
39
46
78
56
53
130
98
90
68
88
50
48
33
52
37
35
85
48
99
71
83
82
53
63
57
45
35
52
53
64
71
45
75
76
66
72
49
74
30
46
40
41
36
50
51
55
58
42
48
58
43
38
55
45
63
68
78
64
57
44
58
100
82
90
76
42
37
49
53
32
31
41
59
79
78
50
57
141
192
154
126
83
42
52
65
74
64
48
62
67
120
79
89
65
46
46
50
50
57
43
48
48
110
89
67
82
76
70
69
59
66
41
35
47
53
49
81
78
123
76
117
80
46
64
98
64
44
31
61
48
40
41
47
65
44
41
70
181
47
59
51
56
57
105
113
118
85
53
44
61
93
129
241
319
267
181
114
61
58
39
45
44
48
50
45
43
49
45
45
49
49
50
50
50
50
48
47
49
49
48
46
48
50
46
47
52
52
116
231
313
256
175
109
61
30
68
41
46
45
182
41
48
47
49
47
46
44
44
40
49
58
46
45
46
70
88
162
312
320
223
143
121
129
248
307
246
164
104
125
422
410
295
200
127
76
227
328
322
282
188
132
259
305
344
266
194
123
82
192
296
291
207
136
133
167
256
352
245
166
101
62
147
278
313
220
140
87
77
51
56
72
61
56
36
61
50
53
36
73
50
40
46
50
112
42
54
47
27
51
66
42
31
53
73
190
365
335
233
154
91
63
69
38
30
64
52
81
79
83
79
83
45
43
89
250
311
308
215
142
150
111
101
100
63
54
47
62
56
57
41
35
48
75
90
83
92
79
48
50
40
81
49
42
65
38
53
92
151
302
311
215
137
88
62
84
83
35
32
48
82
69
66
64
63
42
30
78
307
330
339
238
158
96
72
47
54
60
50
32
64
73
73
76
51
61
44
44
44
45
38
68
83
78
87
84
67
55
49
84
92
117
207
210
136
162
122
91
55
73
45
52
56
98
103
63
59
51
82
77
55
110
193
253
209
136
75
91
71
52
49
70
34
36
65
107
69
61
61
115
80
76
64
91
80
109
106
58
45
72
45
53
51
38
112
166
308
307
242
163
98
71
77
50
60
68
58
54
75
50
66
65
39
34
117
146
340
332
276
190
118
71
56
68
67
60
44
37
38
48
51
49
33
32
93
80
45
45
37
74
37
38
58
64
51
40
30
47
64
147
420
422
301
208
133
77
57
71
73
71
58
72
87
82
115
65
68
46
63
225
349
328
277
188
120
111
107
91
112
79
56
76
50
48
34
39
40
66
105
99
97
67
74
63
52
89
77
58
45
63
51
64
121
228
323
265
176
114
67
52
85
72
51
54
67
75
104
65
77
57
66
64
188
368
344
268
183
117
64
55
42
47
49
46
52
45
45
48
46
49
48
48
54
53
57
47
49
47
47
46
46
51
51
49
48
50
45
50
116
247
314
260
174
108
66
39
64
40
49
51
43
45
43
47
47
48
51
48
50
46
45
55
50
47
58
106
149
203
349
305
210
139
87
162
282
299
206
135
233
206
289
263
175
112
88
67
158
281
290
201
130
163
182
252
221
145
87
96
86
129
261
258
176
110
88
180
365
324
243
158
99
194
212
261
206
131
81
53
32
71
48
53
57
41
70
36
70
29
60
43
63
44
59
46
40
48
45
52
39
51
39
43
60
108
139
373
322
250
167
105
101
61
78
50
77
56
102
77
88
68
66
76
82
175
231
317
269
181
118
185
156
126
147
114
95
60
51
35
40
54
59
106
131
127
112
90
124
93
42
56
53
44
54
51
62
60
139
259
269
180
112
66
77
50
52
51
26
89
122
138
110
106
108
73
69
102
244
318
250
166
103
60
95
54
34
47
43
64
49
45
51
55
44
57
48
43
47
47
50
60
56
52
37
55
54
48
43
68
170
217
291
240
159
99
69
47
63
51
46
45
54
51
51
52
47
46
58
55
69
209
260
271
183
118
137
148
113
94
67
57
83
62
46
43
40
42
102
49
40
46
52
44
47
49
48
102
182
301
310
213
140
97
144
222
298
257
171
104
53
66
48
50
40
64
37
37
45
44
55
40
34
115
165
276
308
211
137
84
56
113
82
80
59
37
64
59
77
66
62
36
32
38
49
51
47
50
47
26
84
52
90
53
74
48
70
126
299
306
346
240
163
100
224
352
305
247
164
101
65
66
53
53
48
48
98
201
226
293
248
166
104
110
94
113
133
157
62
43
139
106
70
47
40
62
55
39
50
47
48
44
63
60
92
68
78
53
99
65
141
189
272
304
209
135
78
272
254
307
248
170
104
71
40
71
49
78
43
50
120
158
238
246
169
103
149
163
112
75
60
84
44
85
244
323
292
202
269
131
221
242
180
112
84
54
47
58
67
51
38
45
143
121
253
272
188
115
83
50
67
59
62
55
52
102
209
235
186
115
84
88
63
29
54
41
46
107
157
244
286
268
185
117
95
203
273
247
188
120
80
62
62
52
73
64
80
57
81
95
69
48
51
62
79
244
291
238
159
96
75
73
52
41
57
46
141
149
347
352
246
173
107
59
74
87
51
37
62
78
119
120
91
67
63
87
138
182
241
231
154
93
121
113
137
126
109
88
50
86
241
321
280
190
121
90
117
113
94
131
95
59
96
208
271
229
151
90
69
78
104
110
107
107
78
201
295
268
194
125
100
63
86
93
59
46
63
131
154
283
292
281
129
77
64
45
77
61
40
48
94
160
293
304
208
141
77
155
304
275
226
148
87
110
236
312
265
179
178
153
95
137
172
159
121
118
80
78
82
48
51
104
198
234
244
222
187
145
89
118
262
273
188
121
90
122
172
172
175
157
108
73
148
302
307
214
141
137
177
189
205
214
196
124
129
187
252
221
144
84
87
73
116
154
171
140
92
137
213
243
161
101
98
83
72
98
99
61
44
116
111
220
220
144
86
69
91
200
235
187
119
68
65
69
47
61
52
38
209
83
172
281
230
152
92
69
322
377
325
224
147
139
154
150
233
152
91
48
64
41
33
51
40
67
81
74
78
78
66
55
41
99
187
255
204
134
153
123
99
87
72
39
50
40
115
196
295
231
157
114
115
92
88
79
65
59
66
211
299
292
244
160
100
64
116
133
74
69
69
82
126
213
233
150
94
80
144
160
97
69
51
39
69
145
261
285
196
124
76
80
95
109
83
73
108
179
212
275
217
142
81
149
163
189
119
69
39
81
148
249
308
237
158
128
99
83
68
45
79
49
63
209
316
280
231
156
93
71
97
94
93
85
65
105
154
270
307
212
140
133
162
177
115
91
86
67
101
232
333
281
189
127
150
216
176
121
129
83
91
230
208
315
228
152
129
150
186
248
237
156
96
61
124
253
264
176
116
96
126
239
269
210
137
83
52
62
71
88
73
52
83
161
222
199
135
113
87
60
42
52
62
34
51
195
173
254
248
164
122
109
150
232
243
159
97
153
132
90
95
77
47
58
72
109
208
259
207
131
82
49
45
59
59
53
53
80
82
133
285
289
202
136
124
81
37
46
31
40
32
129
152
270
278
187
119
71
71
43
82
61
52
36
79
83
202
272
225
148
91
93
46
81
68
49
52
90
76
131
253
279
191
121
102
71
32
45
56
56
110
94
171
313
317
220
144
85
77
34
43
36
38
38
112
153
301
317
218
146
100
121
93
109
76
98
57
115
165
277
306
210
137
90
89
86
93
117
93
45
80
144
269
291
197
129
75
60
36
42
46
45
42
68
123
194
263
217
141
95
94
48
47
55
59
61
67
97
164
288
308
211
136
107
111
281
358
308
213
135
95
206
294
241
162
100
123
113
233
302
204
131
124
167
300
306
259
173
271
311
262
178
298
326
307
213
154
295
298
206
146
354
465
259
174
255
307
257
176
301
368
329
228
154
91
51
49
43
37
42
47
52
61
46
31
39
41
38
74
79
60
62
66
55
78
74
87
230
278
249
166
109
56
222
41
58
48
48
62
47
43
49
45
51
49
48
47
211
47
46
45
50
50
50
49
46
46
51
75
85
167
293
313
217
143
100
67
54
42
47
48
46
49
50
49
48
48
45
42
54
216
323
315
257
174
106
57
57
51
40
44
45
61
59
46
51
50
54
47
52
46
44
49
54
50
54
51
47
47
53
52
49
32
92
158
292
311
214
139
79
60
49
82
44
45
83
73
49
63
84
82
56
62
76
145
289
284
195
124
70
41
34
58
37
54
56
40
56
49
46
50
49
46
51
48
45
46
50
53
48
50
46
50
50
50
51
62
83
168
314
318
216
142
93
62
43
43
51
48
47
49
48
49
50
55
46
48
45
49
44
45
49
50
60
59
192
366
328
249
169
104
87
337
382
335
228
146
88
167
298
303
208
132
79
123
250
305
257
172
104
79
196
307
304
209
137
95
128
318
289
238
160
114
176
235
331
255
242
279
288
196
308
332
231
150
98
100
137
118
139
141
124
92
62
43
46
130
59
44
82
91
89
83
112
90
33
47
69
53
42
50
60
101
188
259
330
259
173
110
78
40
61
47
58
82
79
44
39
49
64
78
50
48
78
167
449
319
222
144
113
70
50
46
59
48
35
53
39
36
19
47
64
38
29
61
37
51
65
41
47
43
50
43
53
52
44
95
295
365
330
230
152
92
45
85
48
67
42
54
74
45
108
82
54
54
72
173
321
304
263
175
110
62
55
56
36
57
68
36
47
44
53
50
59
48
31
43
45
51
55
52
41
41
48
45
47
47
66
73
167
385
333
257
172
107
58
79
43
47
41
43
47
45
40
51
46
53
36
59
48
42
39
43
53
56
129
187
286
337
232
156
91
93
237
285
234
151
129
90
177
293
338
238
155
101
78
53
51
64
44
46
72
253
323
344
239
164
99
164
234
266
205
274
257
195
205
287
214
215
248
196
254
279
281
187
118
99
96
56
66
61
69
41
60
51
77
64
62
32
147
109
109
75
70
80
55
54
68
59
69
38
69
83
124
231
288
208
137
99
92
94
64
68
71
104
259
140
216
163
106
75
50
131
225
311
247
163
100
87
62
81
59
49
55
43
74
45
71
49
68
68
77
68
62
63
56
52
48
59
84
42
65
41
63
87
131
227
290
253
169
109
57
34
58
42
49
40
69
48
119
171
152
95
72
56
166
282
266
179
114
71
80
50
63
49
38
64
50
46
48
35
45
57
65
75
84
64
107
74
39
84
61
41
178
55
72
51
114
178
253
316
218
143
90
121
133
80
53
44
100
74
148
160
104
67
88
103
71
65
57
56
49
61
91
190
245
313
216
141
149
189
253
299
236
163
99
126
262
303
238
159
100
94
201
317
273
185
117
84
170
264
320
251
168
106
97
180
293
257
172
106
120
155
243
247
274
221
257
197
269
370
311
218
143
82
71
75
94
73
72
43
81
42
59
74
43
62
85
90
90
94
80
81
58
56
57
58
74
51
74
71
186
221
319
223
182
116
94
153
162
99
86
81
174
189
196
125
102
95
70
67
180
300
305
207
136
119
147
118
97
93
103
76
53
87
77
65
81
63
62
101
64
50
75
86
40
121
118
106
92
90
105
125
185
344
413
297
204
242
192
123
112
84
98
69
52
114
117
175
160
127
133
159
337
436
311
213
140
106
83
87
102
78
75
64
89
54
40
75
62
76
157
161
177
131
116
122
114
101
96
119
88
81
110
110
146
275
323
225
149
147
154
201
129
73
59
60
72
101
66
58
51
62
59
76
102
89
90
120
66
90
264
378
374
264
179
114
102
265
292
289
197
126
89
257
364
358
250
171
104
134
91
76
66
54
115
100
251
301
358
249
165
100
88
225
261
303
291
333
316
223
241
309
214
265
254
189
298
284
260
174
109
91
64
60
47
54
38
61
69
40
57
46
53
67
45
60
65
58
37
37
34
44
58
50
55
44
86
124
262
430
368
256
173
112
57
58
45
31
58
73
105
140
143
89
59
49
72
150
285
276
187
120
80
79
72
80
61
51
63
64
81
62
58
54
58
83
93
126
147
90
70
50
44
65
40
51
25
28
120
205
165
294
220
141
86
68
61
68
83
94
101
61
67
64
72
45
131
33
67
150
291
318
223
142
84
48
54
58
97
49
76
58
63
80
51
51
106
117
95
62
51
39
45
63
79
50
37
42
45
39
157
175
320
322
228
149
105
102
85
72
33
51
64
98
81
143
110
71
91
55
55
79
51
38
59
43
129
160
218
311
233
151
90
92
150
276
278
192
118
142
164
318
325
223
148
90
130
255
369
309
216
140
126
148
260
260
178
107
57
156
262
307
252
171
105
88
176
258
304
210
298
285
226
382
336
257
171
147
146
143
127
161
131
98
82
61
43
24
32
37
63
53
65
71
45
56
37
58
54
67
63
40
46
74
132
154
232
228
152
157
98
56
57
54
64
49
60
82
128
181
238
191
158
95
229
368
323
259
179
114
167
165
126
105
93
70
55
40
48
36
56
43
52
66
81
163
177
176
125
78
58
56
44
72
86
158
170
287
320
280
241
161
94
48
93
64
51
48
58
79
54
56
37
51
82
53
41
65
96
72
88
82
94
141
225
282
194
124
134
136
228
258
188
120
210
179
252
257
172
106
57
106
172
261
246
174
107
115
173
290
246
178
111
68
87
150
260
253
222
266
248
292
240
247
198
127
106
102
171
298
306
214
139
198
179
269
226
151
100
88
50
30
219
64
32
49
128
165
234
248
199
126
69
53
28
70
49
46
44
77
107
207
337
346
243
165
140
235
270
183
114
118
89
86
88
96
64
95
92
52
43
64
30
60
50
54
48
44
49
38
50
48
46
47
54
43
48
51
48
52
48
51
48
42
46
46
45
49
46
52
52
50
55
50
49
50
54
57
50
50
46
45
49
51
42
49
48
54
63
55
65
59
51
49
54
47
53
56
69
37
38
43
61
36
61
35
58
75
40
61
79
44
74
60
39
82
43
44
76
40
32
66
50
41
77
55
78
80
50
62
65
52
69
98
52
43
77
62
52
29
57
39
60
53
81
161
167
207
211
138
100
67
56
39
35
39
61
69
103
180
141
116
111
93
73
35
58
39
39
62
65
94
155
162
122
103
97
54
47
49
72
56
45
86
87
126
162
124
112
119
77
39
39
47
55
54
36
51
61
69
127
154
114
62
72
54
45
43
45
49
76
73
62
68
53
59
47
49
41
40
57
43
54
36
71
57
41
37
69
48
46
43
46
43
47
47
53
46
61
78
104
96
69
45
37
81
71
84
70
55
71
129
240
237
219
217
232
199
126
83
77
114
76
71
111
218
259
284
296
249
190
122
69
83
49
48
122
142
178
227
238
231
219
171
108
85
83
64
51
60
57
141
190
216
236
246
211
166
104
69
58
53
79
59
61
66
105
182
222
224
156
105
72
52
69
45
56
122
128
114
94
83
67
58
46
58
46
58
59
68
60
67
53
62
62
39
51
46
203
52
44
42
53
61
45
57
88
111
149
133
92
89
104
77
46
80
48
139
165
180
257
235
153
95
59
34
57
58
47
43
128
116
79
81
113
72
68
37
60
41
53
32
34
83
132
107
76
84
82
52
49
50
24
50
38
75
47
85
110
117
105
137
96
66
46
52
47
38
36
28
53
80
126
209
149
92
64
56
61
140
250
359
178
110
62
161
166
98
70
68
53
24
40
85
51
42
76
66
197
213
298
271
181
114
61
44
68
50
62
42
98
86
282
368
303
208
134
77
60
44
64
39
86
84
150
198
271
349
245
163
102
84
71
76
46
60
61
69
104
78
85
83
72
52
45
41
51
42
40
103
131
159
178
113
95
84
38
78
133
248
279
189
120
119
193
172
298
257
175
125
90
150
281
304
209
337
369
259
325
252
296
240
252
215
223
271
209
137
82
174
125
273
269
179
115
64
59
75
73
74
61
82
104
177
242
184
116
97
69
70
49
56
94
79
97
122
249
292
201
134
258
83
58
65
48
40
33
93
124
267
335
241
161
99
62
48
40
50
56
32
140
136
121
152
120
105
73
63
113
325
311
216
144
94
115
112
83
90
74
43
65
162
268
247
167
102
151
135
141
147
116
103
60
76
203
262
292
199
128
95
87
84
89
143
111
83
163
231
289
229
150
121
80
71
64
48
46
48
58
127
225
297
264
175
112
62
71
49
37
38
55
111
126
225
314
263
177
113
85
161
276
242
169
101
89
213
304
333
263
179
140
149
92
140
107
154
127
109
66
74
46
83
64
83
168
207
231
234
187
136
80
139
287
311
217
144
152
214
211
209
182
159
107
76
254
297
306
213
140
141
174
191
205
214
193
123
149
192
249
225
147
86
75
66
160
204
224
191
121
108
287
282
191
121
99
77
86
79
70
68
67
53
154
300
264
232
149
88
96
180
224
194
124
71
60
26
56
48
49
52
52
78
232
283
239
157
119
82
205
394
327
281
194
140
214
177
236
204
145
85
72
53
39
38
54
69
50
79
61
66
63
67
40
51
64
167
272
272
183
117
115
68
71
79
57
91
71
179
226
349
272
186
118
124
92
94
98
114
66
59
95
265
284
250
169
107
90
106
133
84
71
60
52
164
237
311
213
142
83
95
148
145
91
65
44
58
104
227
283
216
140
97
97
99
93
75
67
59
67
123
227
308
247
166
105
137
181
214
144
85
82
61
124
211
304
224
147
108
117
76
68
85
71
73
49
114
222
274
219
145
86
85
98
77
104
112
60
54
131
222
291
253
168
124
83
126
96
90
86
49
54
116
182
255
205
132
128
125
171
112
109
93
49
101
228
274
335
238
155
117
156
199
293
256
171
109
85
132
235
245
167
101
58
135
224
219
174
113
80
57
49
69
87
55
40
56
120
229
239
155
94
86
64
33
69
74
36
30
66
166
258
235
155
124
103
117
142
234
245
166
113
127
115
115
80
57
52
88
150
233
286
242
160
98
85
71
55
26
41
53
71
99
212
328
333
253
169
104
112
57
44
34
62
64
75
90
198
287
260
167
105
94
46
80
62
63
58
45
120
162
277
300
217
137
77
90
56
38
53
57
38
73
82
181
272
241
161
114
94
60
88
62
36
42
74
131
227
387
334
232
153
109
76
33
37
40
54
44
159
163
309
320
217
146
95
130
92
131
85
101
79
142
177
280
302
207
135
103
109
149
299
279
191
120
70
116
80
58
57
86
93
59
43
31
47
21
42
123
110
248
360
241
161
99
95
60
57
37
22
35
74
116
189
270
217
141
91
120
82
40
45
35
45
45
124
149
279
301
205
135
77
90
75
76
54
44
39
69
183
306
294
244
161
97
80
58
46
45
60
69
123
109
312
332
249
168
102
66
56
31
51
60
47
81
98
213
307
261
172
112
123
101
132
83
83
84
66
111
215
278
233
154
94
116
108
215
244
166
99
52
60
52
47
62
43
63
66
64
50
65
36
50
65
91
129
231
261
174
113
74
89
60
40
62
50
44
75
131
349
307
252
168
104
102
61
49
51
62
46
67
98
215
294
246
162
98
74
42
67
60
48
47
60
99
211
334
274
187
122
91
46
37
49
63
53
93
91
146
289
320
220
144
86
81
53
52
46
31
55
82
198
344
335
274
189
122
118
167
299
253
169
109
108
171
275
308
213
136
84
94
144
269
278
190
121
69
44
48
45
38
44
55
87
176
308
318
219
144
83
103
201
278
229
151
91
93
62
43
57
36
51
38
85
137
258
294
200
130
83
114
209
264
279
159
109
90
131
253
251
167
105
110
118
170
296
245
166
100
55
73
58
76
59
43
56
131
251
293
233
153
91
102
177
302
324
223
149
89
55
60
59
56
53
53
71
239
389
334
259
177
108
84
241
324
294
203
133
75
51
39
55
41
61
45
112
296
301
232
155
91
77
62
55
50
44
58
84
139
130
121
102
89
66
62
196
266
270
219
140
116
123
118
125
99
57
82
113
172
284
258
178
110
104
151
137
113
152
115
59
101
201
282
213
141
80
87
88
90
96
99
70
79
123
210
293
235
155
103
67
73
74
36
54
42
61
162
363
311
252
167
102
75
55
52
40
51
49
58
184
293
311
271
185
114
93
169
273
228
153
91
86
127
243
276
189
120
191
176
112
140
177
183
150
119
81
84
52
41
65
192
252
284
290
257
210
138
127
236
290
242
162
126
135
187
212
198
184
145
125
130
282
331
246
163
105
141
191
193
216
216
149
178
156
248
267
184
115
62
77
106
157
180
183
113
105
295
365
303
208
136
99
81
78
70
75
45
90
140
224
295
250
165
123
106
139
222
259
177
110
60
62
39
61
52
43
103
128
153
196
288
249
169
104
113
224
301
264
177
134
219
196
296
291
161
100
85
52
51
41
62
50
87
99
79
80
74
60
41
115
121
338
306
237
157
94
145
95
80
104
78
71
59
176
301
286
198
127
123
129
83
104
92
80
52
95
170
288
303
209
137
110
131
203
149
87
84
77
95
307
321
338
238
154
138
172
149
87
60
56
92
149
262
305
229
151
139
91
91
111
76
57
168
65
120
230
303
250
169
139
150
190
196
128
74
41
65
158
351
341
246
162
119
106
137
95
96
98
79
89
196
286
308
214
132
95
61
104
84
86
76
50
72
183
283
318
260
176
130
211
190
151
102
84
37
141
168
268
318
221
144
158
189
170
120
114
92
105
94
153
286
332
233
151
147
185
171
112
101
88
71
105
225
301
240
158
98
160
122
281
278
188
119
68
147
258
312
254
172
115
138
185
243
165
131
106
88
170
260
275
185
118
135
161
175
115
90
98
71
111
121
183
208
150
89
181
192
308
343
241
158
94
54
38
45
53
55
61
135
148
118
123
113
92
60
165
141
251
234
153
94
105
128
135
107
94
74
50
98
144
274
285
194
126
109
146
132
104
135
93
66
98
196
259
217
140
85
68
58
119
102
91
78
67
100
207
276
212
140
96
76
69
80
59
52
59
58
196
346
294
251
165
102
71
60
69
57
57
33
66
197
304
306
265
184
114
117
176
247
207
136
75
91
133
274
308
215
140
135
189
121
118
199
200
167
146
110
120
88
83
83
181
214
222
230
223
187
122
104
201
272
219
143
154
213
277
258
244
222
177
109
175
268
286
208
136
98
163
219
215
229
226
156
164
140
204
217
146
88
147
109
127
187
225
222
149
126
216
290
223
146
112
65
95
87
78
61
52
51
102
215
279
246
251
101
54
123
229
263
177
113
92
58
41
49
50
55
36
128
142
255
224
145
86
55
122
250
317
270
184
138
236
220
313
248
165
107
68
57
49
78
33
58
90
93
70
78
70
69
171
67
127
338
292
223
147
112
149
147
120
81
66
44
71
153
282
270
184
116
120
113
91
101
83
74
45
68
146
250
280
191
121
102
174
204
174
109
76
74
70
254
298
311
217
142
133
188
185
117
63
48
90
162
249
295
231
149
94
88
148
287
280
195
122
69
63
43
57
45
43
36
143
165
275
311
215
140
80
53
43
54
49
46
52
111
172
330
317
220
142
83
86
53
60
29
61
47
61
102
69
65
56
45
73
109
205
273
315
217
140
83
122
85
74
68
64
91
86
130
275
310
216
142
123
158
134
97
104
81
62
78
205
338
327
227
149
118
201
308
318
281
190
121
188
261
322
266
180
110
157
244
304
210
134
113
64
80
54
63
93
48
41
189
149
282
268
223
145
88
61
61
46
48
23
48
118
205
333
348
297
205
133
77
58
75
67
37
42
146
173
252
274
186
120
70
50
55
29
38
41
70
132
93
77
72
67
66
49
49
31
42
62
41
43
57
58
96
55
51
50
41
56
53
32
56
51
71
50
78
224
389
349
242
163
98
57
85
60
57
50
43
86
97
223
285
273
187
118
68
42
57
55
48
35
38
56
85
53
45
41
38
26
58
48
35
54
59
69
44
41
36
39
54
61
79
95
157
291
300
205
133
118
145
267
